16.462249755859375
14.314840316772461
11.030481338500977
10.646541595458984
9.117889404296875
8.2451753616333
7.650726795196533
6.286170959472656
6.800017356872559
5.586854457855225
5.8874711990356445
5.691445350646973
5.526060104370117
4.9889326095581055
5.737086296081543
5.229150295257568
4.467737674713135
4.855148792266846
4.596744060516357
4.596639633178711
4.437231063842773
4.299959182739258
4.1811347007751465
4.044763565063477
3.413175106048584
3.2076497077941895
3.823932647705078
3.3109254837036133
3.6003880500793457
3.951066255569458
3.567593812942505
3.3493118286132812
2.5979726314544678
2.481163501739502
3.6203746795654297
3.5884432792663574
3.064669609069824
3.014848232269287
2.3809072971343994
2.483003854751587
2.59724497795105
2.26288104057312
2.4262263774871826
2.6163361072540283
2.1240029335021973
1.9505443572998047
1.969046711921692
1.7764179706573486
2.5352838039398193
2.3378796577453613
2.2083709239959717
2.2494654655456543
2.6278140544891357
2.1091318130493164
2.065631866455078
1.6691838502883911
2.149930953979492
1.7833129167556763
1.4874330759048462
1.7419219017028809
1.9216103553771973
1.5051050186157227
1.8357781171798706
2.1558475494384766
1.753247618675232
1.369423747062683
1.585631251335144
1.8637102842330933
1.5385609865188599
1.3195480108261108
1.3464922904968262
1.6648683547973633
1.002311110496521
0.9002028107643127
1.5320487022399902
1.4188915491104126
1.2871812582015991
1.7077622413635254
1.0886540412902832
1.2305471897125244
1.8226072788238525
1.2377369403839111
1.2216190099716187
1.1213116645812988
1.125268578529358
1.0861711502075195
1.0310816764831543
1.0678311586380005
1.689908504486084
1.507620096206665
1.1173696517944336
1.0512077808380127
0.7687304615974426
1.0724765062332153
1.3505829572677612
1.2467361688613892
1.1524262428283691
0.7237098813056946
0.9652079343795776
0.6777356863021851
0.38848233222961426
0.36258336901664734
0.16349844634532928
0.2124396413564682
0.17964816093444824
0.24820882081985474
0.22793570160865784
0.32226160168647766
0.43591952323913574
0.43440258502960205
0.27054348587989807
0.17860263586044312
0.17662189900875092
0.31938162446022034
0.141909658908844
0.23459462821483612
0.23046723008155823
0.1396217942237854
0.21666039526462555
0.2582746744155884
0.27871546149253845
0.4785277545452118
0.16253533959388733
0.38874778151512146
0.10362580418586731
0.13388317823410034
0.21935787796974182
0.1618320196866989
0.21036101877689362
0.2333850860595703
0.2891507148742676
0.26101046800613403
0.16214536130428314
0.112586610019207
0.27754443883895874
0.1912040412425995
0.1379009336233139
0.2735684812068939
0.25084424018859863
0.21506349742412567
0.16868196427822113
0.20870184898376465
0.1389828473329544
0.24204105138778687
0.1980564445257187
0.5881261825561523
0.11207053810358047
0.06819327920675278
0.1905413568019867
0.08956064283847809
0.22103570401668549
0.1283693164587021
0.13358063995838165
0.4295377731323242
0.4638754725456238
0.3920852243900299
0.09507426619529724
0.22980691492557526
0.10248502343893051
0.19997644424438477
0.20805251598358154
0.32467734813690186
0.1284448206424713
0.5271065831184387
0.0857052356004715
0.1820063441991806
0.192264586687088
0.10187092423439026
0.07175549119710922
0.15842899680137634
0.48757460713386536
0.09013137966394424
0.12979695200920105
0.1562730371952057
0.41733407974243164
0.07279661297798157
0.1759956032037735
0.25281184911727905
0.1531834900379181
0.20522788166999817
0.46340346336364746
0.29053670167922974
0.14108888804912567
0.17410314083099365
0.21650516986846924
0.23577463626861572
0.16372443735599518
0.09523739665746689
0.08650887757539749
0.2733480632305145
0.2532283663749695
0.1346036046743393
0.23734451830387115
0.22902631759643555
0.1318640112876892
0.19501487910747528
0.26701807975769043
0.14026476442813873
0.11506059765815735
0.10515531897544861
0.04568587243556976
0.03246662765741348
0.03100409172475338
0.049355123192071915
0.1375790238380432
0.03719402477145195
0.1511002779006958
0.0928439274430275
0.025890322402119637
0.024769680574536324
0.09005650132894516
0.0777927115559578
0.06606512516736984
0.12005271017551422
0.09934737533330917
0.07955877482891083
0.06702697277069092
0.021788964048027992
0.9117730855941772
0.021443795412778854
0.06299903243780136
0.048722296953201294
0.0896819457411766
0.05115824565291405
0.06282247602939606
0.25967496633529663
0.05340733751654625
0.14557337760925293
0.06713530421257019
0.19714680314064026
0.05343293398618698
0.04462607577443123
0.09081405401229858
0.039454132318496704
0.06891539692878723
0.044432252645492554
0.03598269447684288
0.013727824203670025
0.08951807022094727
0.2863755524158478
0.025595808401703835
0.042512282729148865
0.02539883553981781
0.04655067250132561
0.023132437840104103
0.04953514784574509
0.0636698380112648
0.06261345744132996
0.0621674582362175
0.3519919514656067
0.045242924243211746
0.051824815571308136
0.17909802496433258
0.06534048914909363
0.030937600880861282
0.1851194053888321
0.08925571292638779
0.2601252794265747
0.0571087971329689
0.0688091367483139
0.0990651473402977
0.03865889832377434
0.04255548492074013
0.027537666261196136
0.09437307715415955
0.04082290083169937
0.06685695052146912
0.5596385598182678
0.0702608972787857
0.0531105101108551
0.07301808148622513
0.10003265738487244
0.15754017233848572
0.045360833406448364
0.08935105055570602
0.021628811955451965
0.021152786910533905
0.02887098863720894
0.18660834431648254
0.008725804276764393
0.02139868400990963
0.0422385036945343
0.028714679181575775
0.23851743340492249
0.2975064218044281
0.050117574632167816
0.05388640984892845
0.5069869160652161
0.021955791860818863
0.016711270436644554
0.06427261233329773
0.3004186451435089
0.03791210427880287
0.03930957615375519
0.029941465705633163
0.21922287344932556
0.014831660315394402
0.011186178773641586
0.09113678336143494
0.1162140965461731
0.07378685474395752
0.00935972947627306
0.288631409406662
0.22522926330566406
0.040761884301900864
0.05838438868522644
0.007343120872974396
0.05910702049732208
0.005475358106195927
0.46648073196411133
0.04594173654913902
0.17639797925949097
0.01894855499267578
0.014506389386951923
0.01307868305593729
1.4459348917007446
0.029964225366711617
0.07441452890634537
0.2159295380115509
0.030906064435839653
0.040739912539720535
0.13720546662807465
0.07708343863487244
0.028409361839294434
0.06297401338815689
0.19836074113845825
0.08260752260684967
0.08229618519544601
0.029694991186261177
0.7754661440849304
0.3751392364501953
0.05440273508429527
0.08641507476568222
0.14479583501815796
0.24763648211956024
0.35545289516448975
0.1567617654800415
0.2619362771511078
0.2571800947189331
0.20443904399871826
0.025433234870433807
0.10682736337184906
0.10733767598867416
0.11767667531967163
0.0590846873819828
0.04510073363780975
0.06459943950176239
0.0363510400056839
0.03559991344809532
0.13502492010593414
0.1387203484773636
2.1145873069763184
0.2210085391998291
0.20637188851833344
0.027481719851493835
0.3082473576068878
0.11815733462572098
0.19593310356140137
0.0457504503428936
0.10114447772502899
0.08334467560052872
0.04562816023826599
0.10048629343509674
0.041304171085357666
0.02101084589958191
0.11447279155254364
0.1246560588479042
0.041840698570013046
0.06923546642065048
0.05565861985087395
0.1166183277964592
0.09768041968345642
0.05922252684831619
0.0764274001121521
0.05880856141448021
0.14576955139636993
0.03069491684436798
0.3264279365539551
0.14435513317584991
0.021096982061862946
0.14655853807926178
0.02692786045372486
0.027324629947543144
0.07383063435554504
0.034633293747901917
0.07019130885601044
0.03907078132033348
0.037420254200696945
0.020841078832745552
0.018160033971071243
0.1126742884516716
0.02199772745370865
0.04502125829458237
0.035178326070308685
0.17424580454826355
0.026061762124300003
0.050549399107694626
0.0211236160248518
0.03971991315484047
0.026092926040291786
0.008318852633237839
0.0054168920032680035
0.007814469747245312
0.014131140895187855
0.007082197815179825
1.0172423124313354
0.011940529569983482
0.030464624986052513
0.0639469102025032
0.015671133995056152
0.08605501800775528
0.7033362984657288
0.030901920050382614
0.06691869348287582
0.11770956963300705
0.0440010242164135
0.02375217340886593
0.09716330468654633
0.027107886970043182
0.101732537150383
0.0642305389046669
0.08982352912425995
0.019324827939271927
0.13903799653053284
0.013109982945024967
0.01872410625219345
0.19084817171096802
0.011922946199774742
0.4756030738353729
0.13185925781726837
0.05262349173426628
0.13034197688102722
0.09454003721475601
0.019106796011328697
0.2982264459133148
0.061604853719472885
0.04635234922170639
0.021370194852352142
0.018627449870109558
0.019333528354763985
0.04731505736708641
0.1711062788963318
0.06790386885404587
0.0873095914721489
0.9046725034713745
0.01449483260512352
0.18577653169631958
0.09210958331823349
0.08852102607488632
0.05024858936667442
0.02105894312262535
0.05989283695816994
0.018586015328764915
0.08683235198259354
0.0197213776409626
0.019065823405981064
0.04982254281640053
0.09743402898311615
0.07364192605018616
0.08026743680238724
0.048496559262275696
0.04796522110700607
0.050953369587659836
0.20958302915096283
0.1340564787387848
0.1525002419948578
0.12236755341291428
0.049571212381124496
3.559128761291504
0.02220825105905533
0.20234256982803345
0.15742087364196777
0.17742593586444855
0.1762298345565796
0.25372686982154846
0.5378839373588562
0.5895155072212219
0.22732573747634888
0.0984797477722168
0.2594335377216339
0.07939307391643524
0.5334972739219666
0.05576351657509804
0.16752012073993683
0.27238258719444275
0.10567900538444519
0.06504616141319275
0.10073354095220566
0.4397653639316559
1.4688822031021118
0.08018787950277328
0.43668344616889954
0.19569844007492065
3.656920909881592
0.3939144015312195
0.48090997338294983
0.9124172925949097
1.3367565870285034
1.0744377374649048
0.3595278561115265
1.269341230392456
0.2682174742221832
0.7937639355659485
0.3481592535972595
0.36586737632751465
0.09933599829673767
3.017767906188965
0.15091557800769806
0.1952146291732788
0.16520927846431732
0.5694805383682251
1.021549940109253
0.15331043303012848
0.5289179682731628
0.7186894416809082
0.37329936027526855
0.278043270111084
0.4648492932319641
0.4269264340400696
0.24045038223266602
0.9533998966217041
0.39032691717147827
0.34600648283958435
0.38220635056495667
0.2509379982948303
1.1513147354125977
0.40619608759880066
0.3999861180782318
0.1854792982339859
0.19792573153972626
0.16747352480888367
0.19089774787425995
0.7314475774765015
0.12491581588983536
0.06244117394089699
0.16464148461818695
0.2857877016067505
0.18445108830928802
0.07961579412221909
0.14802823960781097
0.16340778768062592
5.798040390014648
0.038730867207050323
0.09189047664403915
0.1595802903175354
0.13007275760173798
0.21303987503051758
0.13620369136333466
1.4583548307418823
0.08100657910108566
0.7599541544914246
0.13162676990032196
0.3051208555698395
0.15787982940673828
0.11482406407594681
0.046242840588092804
0.04940017685294151
0.7227463722229004
0.08853526413440704
0.12063980102539062
0.6430255174636841
0.05657080188393593
0.24417994916439056
0.15922828018665314
0.15400786697864532
0.3803008198738098
0.06391948461532593
0.16590516269207
0.15301212668418884
0.1809823364019394
0.060521092265844345
0.19210071861743927
0.12836208939552307
0.6460968852043152
0.033308230340480804
0.10278588533401489
0.029389753937721252
0.029579125344753265
0.15995638072490692
0.12927033007144928
0.09414228051900864
0.026423707604408264
0.3370019793510437
0.03289780020713806
0.05020112544298172
0.39711543917655945
0.044482238590717316
0.05458208918571472
0.058069366961717606
0.24960283935070038
0.05437317490577698
0.08057846873998642
0.037563975900411606
0.02487820014357567
0.030219072476029396
0.04613668471574783
0.10244803875684738
0.033047985285520554
0.019435405731201172
0.0265008807182312
0.06889868527650833
0.015095994807779789
0.07337772846221924
0.183059424161911
0.02084738202393055
0.07481681555509567
0.9185886383056641
0.038198597729206085
15.877687454223633
0.8577325940132141
0.2574426233768463
1.1173222064971924
1.6361371278762817
0.3237581253051758
0.3641197979450226
0.39914053678512573
0.41502082347869873
0.5770621299743652
0.7337450385093689
0.3665226697921753
0.7151796817779541
0.28909972310066223
0.3681376278400421
3.1292684078216553
0.3297439217567444
0.1905619502067566
0.13152197003364563
0.14694061875343323
0.15762466192245483
0.20103727281093597
0.12612612545490265
0.5107975602149963
0.5745300650596619
0.07801034301519394
0.11404319852590561
0.3941114544868469
0.1248423159122467
0.09721807390451431
0.337266743183136
0.09794485569000244
0.19274510443210602
0.12956233322620392
0.11008138209581375
0.15288545191287994
0.2099187821149826
0.09162985533475876
0.3197745382785797
0.20972086489200592
0.39845001697540283
0.16316913068294525
0.10060958564281464
0.09126074612140656
0.05938601493835449
0.08489064127206802
0.03974149003624916
0.04137250781059265
0.11342279613018036
0.9829921126365662
0.08994098752737045
0.11267805099487305
0.2924269437789917
0.10276547074317932
0.1667432337999344
0.16887883841991425
0.4852151870727539
0.09759528189897537
0.1302850991487503
0.08909866958856583
0.21091371774673462
0.36722123622894287
0.17903397977352142
0.24096429347991943
0.2611234188079834
0.12219710648059845
0.12288757413625717
0.06038837879896164
0.10973004251718521
0.031848516315221786
0.07091476023197174
0.04032622650265694
0.12720388174057007
0.05260656401515007
0.09469462186098099
0.2127385437488556
0.19318503141403198
0.18131129443645477
0.02099338360130787
0.05721461772918701
1.020400881767273
0.15306295454502106
0.05273048207163811
0.05258850380778313
0.019177833572030067
0.0683513879776001
0.027443526312708855
0.052235621958971024
0.0482793003320694
0.49748554825782776
0.16149143874645233
0.04981290549039841
0.03985264152288437
0.225661039352417
0.03318927064538002
1.018243432044983
0.03197138011455536
0.009112969040870667
0.012934073805809021
0.06189710646867752
0.261581689119339
0.020383022725582123
0.018479743972420692
0.008862165734171867
0.2663012742996216
0.009101152420043945
0.017260126769542694
0.01567860133945942
2.4935836791992188
0.01721540279686451
0.20338305830955505
0.04601301625370979
0.1320083737373352
0.010993095114827156
0.044004663825035095
0.031012466177344322
0.10290564596652985
0.01847921870648861
0.0273565873503685
0.014522943645715714
0.020040223374962807
0.06932979822158813
0.033509574830532074
0.01715944893658161
0.07734955847263336
0.09313546121120453
0.04632820561528206
1.0058553218841553
0.06757205724716187
0.015087248757481575
0.06610900908708572
0.019535323604941368
0.03432440385222435
0.02845088206231594
0.017934681847691536
0.0392393060028553
0.01099379826337099
0.02739604376256466
0.034031838178634644
0.04305567964911461
0.04043276607990265
0.010673859156668186
0.011282257735729218
0.07458005845546722
0.05015835538506508
0.017853500321507454
0.041437674313783646
0.1370089054107666
0.02734195813536644
0.045265622437000275
0.08833987265825272
1.320726752281189
0.040170732885599136
0.01095030177384615
0.6758274435997009
0.0727333128452301
0.3235411047935486
0.02759477309882641
1.0448005199432373
0.07550505548715591
0.014459950849413872
0.015258672647178173
0.03754002973437309
0.022685574367642403
0.02228667587041855
0.10249046236276627
0.012533685192465782
0.18673300743103027
0.011703855358064175
0.40602028369903564
0.07417212426662445
0.10161668062210083
0.18883365392684937
0.02509690821170807
0.04289202764630318
0.05971962586045265
0.0787036120891571
0.12955285608768463
0.03583172336220741
0.10024947673082352
0.010294332168996334
0.17647066712379456
0.025571925565600395
0.008347751572728157
0.10123217105865479
1.6913467645645142
0.04401419684290886
0.011248921044170856
3.3847405910491943
0.017382612451910973
0.3300934135913849
0.03289196640253067
0.015796231105923653
0.008607588708400726
0.06234782189130783
0.07346171140670776
1.8129643201828003
0.02338484674692154
0.6774060726165771
0.03944981098175049
0.019695576280355453
0.024421991780400276
0.11602170020341873
0.03564220666885376
0.012706784531474113
0.2138148844242096
0.04121208190917969
0.17608581483364105
0.13664987683296204
0.1388792246580124
0.06583775579929352
0.02724802866578102
0.06597761809825897
0.025849832221865654
0.006727018393576145
0.05143142491579056
0.009746492840349674
0.010816519148647785
0.024996206164360046
0.010279194451868534
0.030032742768526077
0.016459926962852478
0.013900300487875938
0.015510352328419685
0.04325220733880997
0.031670428812503815
0.016282547265291214
0.027982918545603752
0.015221992507576942
0.023833660408854485
0.01482368540018797
0.02118961326777935
0.008687174879014492
0.03647337853908539
0.01208506990224123
0.008911462500691414
0.015594138763844967
0.018724557012319565
0.014483481645584106
0.4654332995414734
0.014749235473573208
0.006362394895404577
0.01020443718880415
0.13810841739177704
0.034917328506708145
0.025597378611564636
0.007325621321797371
0.03011508285999298
16.23653793334961
0.015750702470541
0.010070007294416428
0.00905771367251873
0.00607672892510891
0.019430557265877724
0.030201850458979607
0.04778450354933739
0.020155999809503555
0.15805840492248535
0.16586685180664062
0.006873279344290495
0.023775815963745117
0.033476199954748154
0.1533985584974289
2.3534305095672607
0.018816718831658363
0.017027592286467552
0.00904778391122818
0.06543853133916855
0.04670901596546173
0.02344278246164322
0.024320174008607864
0.01098425779491663
0.047041237354278564
0.010294832289218903
0.018073638901114464
0.018143245950341225
0.09399806708097458
0.21150478720664978
0.03537200018763542
0.07985223084688187
0.017864922061562538
0.013333357870578766
0.021869193762540817
0.023138858377933502
0.009087407030165195
0.008650574833154678
0.03193086013197899
0.3252004384994507
0.038569387048482895
0.013927189633250237
0.4215092658996582
0.014442706480622292
0.028673697263002396
0.010460883378982544
0.015730373561382294
0.006634428631514311
0.04331536591053009
0.03665528446435928
0.027669886127114296
0.0038284137845039368
0.01078728400170803
0.004816662985831499
0.009587761014699936
0.007895683869719505
0.005880193784832954
0.013314384035766125
0.018497610464692116
0.036261186003685
0.004350572824478149
0.0114228380843997
0.007709898985922337
0.011906896717846394
0.005480310879647732
0.0061705950647592545
0.0056077162735164165
0.020407186821103096
0.003682202659547329
0.00972373504191637
0.0076759736984968185
0.006924586836248636
0.01471304427832365
0.968062162399292
0.04168050363659859
0.007947518490254879
0.006806303281337023
0.005353990010917187
0.01147661916911602
4.320339679718018
0.002990448148921132
0.009635544382035732
0.007296776864677668
4.0479631423950195
0.017349645495414734
0.011674288660287857
0.013173829764127731
0.011751803569495678
0.07887708395719528
6.221631050109863
0.0434035025537014
0.08423538506031036
0.16986526548862457
0.16836892068386078
0.1317727267742157
0.07407745718955994
0.03282202407717705
0.08051789551973343
0.03149639815092087
0.05761457234621048
0.010823797434568405
0.06482842564582825
0.023472540080547333
0.039666641503572464
0.019754359498620033
0.03569907695055008
0.025271736085414886
0.46648019552230835
0.020557541400194168
0.02479824796319008
0.18029235303401947
0.01356425229460001
0.4075177311897278
0.00778767466545105
0.02306731417775154
0.05701398104429245
0.0479920357465744
2.909123420715332
0.35225099325180054
0.03887949138879776
0.02330700121819973
0.0714791789650917
0.038969121873378754
0.02797357551753521
0.04275057464838028
0.20642274618148804
0.0178663469851017
0.0163531806319952
0.018424976617097855
0.020030491054058075
0.06951455026865005
0.008453846909105778
0.08179999142885208
0.01941458322107792
0.01642778515815735
0.012791433371603489
0.024663273245096207
0.030937645584344864
0.02661498636007309
1.4115110635757446
0.013592511415481567
0.03882521018385887
0.015350518748164177
0.1245386004447937
